HEAT EQUATION SOLVER - GUILLERMO SEGURA GOMEZ
CENTRO DE INVESTIGACION EN MATEMATICAS
DIMENSIONES_DEL_PROBLEMA: 2        
NUMERO_DE_PUNTOS_NODALES: 120        
NUMERO_TOTAL_DE_ELEMENTOS: 196 
NUMERO_DE_MATERIALES: 2
TIPO_DE_ELEMENTOS_EN_LA_MALLA: Linear
NUMERO_DE_NODOS_ELEMENTO: 3
Int:1
NCDirichlet:16
NCNewmann:0

ELEMENTOS_Y_CONECTIVIDADES--------------------------------------------------------------------------
NUMERO_DE_ELEMENTOS_LI02: 0
NUMERO_DE_ELEMENTOS_TR03: 196
NUMERO_DE_ELEMENTOS_QU04: 0
NUMERO_DE_ELEMENTOS_TE04: 0
NUMERO_DE_ELEMENTOS_HE08: 0
NUMERO_DE_ELEMENTOS_PR06: 0
NUMERO_DE_ELEMENTOS_PY05: 0

Elements
TR03/_#ELEMENTO_/MATERIAL/CONECTIVIDADES
            1             2            36           39           26
            2             1            75           80           72
            3             1           106           99          104
            4             1            35           25           32
            5             1            51           55           46
            6             1           102          110          103
            7             1            74           64           70
            8             2             6            2            4
            9             1            42           45           33
           10             1            87           95           88
           11             1            90           82           86
           12             1            17           11           15
           13             1            62           68           60
           14             1           116          120          119
           15             1            56           48           53
           16             2            39           42           31
           17             1            80           87           79
           18             1            99           90           94
           19             1            25           17           23
           20             1            55           62           54
           21             1           110          116          111
           22             1            64           56           63
           23             2             2            1            3
           24             1            45           51           41
           25             1            95          102           96
           26             1            82           74           78
           27             1            11            6            9
           28             1            68           75           66
           29             1           113          106          114
           30             1            48           35           43
           31             1            72           80           79
           32             1            72           79           73
           33             1            88           95           96
           34             1            88           96           89
           35             1            23           17           15
           36             1            23           15           21
           37             1            66           75           72
           38             1            66           72           65
           39             1            73           79           81
           40             1            89           96           97
           41             1            21           15           13
           42             1            65           72           73
           43             1            65           73           67
           44             1            67           73           76
           45             1            65           67           59
           46             1           103          110          111
           47             1           103          111          105
           48             1           105          111          112
           49             1           103          105           97
           50             1            97          105           98
           51             1           103           97           96
           52             1            98          105          108
           53             1            97           98           91
           54             1           103           96          102
           55             1            53           48           43
           56             1            53           43           50
           57             1            50           43           40
           58             1            53           50           57
           59             1            41           51           46
           60             1            41           46           34
           61             1            34           46           44
           62             1            41           34           28
           63             1            32           25           23
           64             1            32           23           29
           65             1            29           23           21
           66             1            29           21           27
           67             1            32           29           40
           68             1            40           29           37
           69             1            32           40           43
           70             1            37           29           27
           71             1            40           37           49
           72             1            32           43           35
           73             1            37           27           38
           74             1            38           27           30
           75             1            37           38           47
           76             1            27           21           20
           77             1            15           11            9
           78             1            15            9           13
           79             1            13            9            8
           80             1             8            9            4
           81             2             8            4            5
           82             1             4            9            6
           83             2             5            4            3
           84             2             8            5           10
           85             1            13            8           14
           86             1           111          116          119
           87             2             4            2            3
           88             1            79           87           88
           89             1            79           88           81
           90             1            81           88           89
           91             1            81           89           83
           92             1            83           89           91
           93             1            83           91           85
           94             1            81           83           76
           95             1            91           89           97
           96             1            85           91           93
           97             1            83           85           77
           98             1            76           83           77
           99             1            76           77           69
          100             1            81           76           73
          101             1            69           77           71
          102             1            76           69           67
          103             1            67           69           61
          104             1            61           69           57
          105             1            61           57           50
          106             1            67           61           59
          107             1            59           61           49
          108             1            78           74           70
          109             1            78           70           71
          110             1            71           70           63
          111             1            63           70           64
          112             1           104           99           94
          113             1           104           94          100
          114             1           100           94           92
          115             1           104          100          107
          116             1            86           82           78
          117             1            86           78           84
          118             1            84           78           71
          119             1            86           84           92
          120             1            92           84           85
          121             1            85           84           77
          122             1            86           92           94
          123             1            86           94           90
          124             1            54           62           60
          125             1            54           60           52
          126             1            52           60           58
          127             1            54           52           44
          128             1            44           52           38
          129             1            44           38           34
          130             1            54           44           46
          131             1            54           46           55
          132             1            31           42           33
          133             1            31           33           24
          134             1            24           33           28
          135             1            24           28           19
          136             1            28           33           41
          137             1            19           28           30
          138             1            24           19           16
          139             1            41           33           45
          140             2            31           24           22
          141             1            60           68           66
          142             1            60           66           58
          143             1            58           66           65
          144             1            58           65           59
          145             1            58           59           47
          146             1            63           56           53
          147             1            63           53           57
          148             1            63           57           71
          149             1           106          104          114
          150             2            39           31           26
          151             1           108          105          112
          152             1           108          118          117
          153             1            49           37           47
          154             1            85           93           92
          155             1            92           93          100
          156             1            91           98           93
          157             1            93           98          101
          158             1           101           98          108
          159             1            93          101          100
          160             1           100          101          107
          161             1           101          108          109
          162             1           109          108          117
          163             1           101          109          107
          164             1           107          109          115
          165             2            10            7           12
          166             2            24           16           22
          167             2            22           16           18
          168             1             8           10           14
          169             2            14           10           16
          170             2            16           10           12
          171             1            16           19           14
          172             1            14           19           20
          173             1            40           49           50
          174             1            50           49           61
          175             1            13           14           20
          176             1            13           20           21
          177             1            47           38           52
          178             1            47           52           58
          179             1            30           27           20
          180             1            30           20           19
          181             1           112          111          119
          182             1            28           34           30
          183             1            30           34           38
          184             1           104          107          114
          185             2            31           22           26
          186             1            71           77           84
          187             1            69           71           57
          188             1            49           47           59
          189             1           115          114          107
          190             2             7           10            5
          191             1           118          108          112
          192             2            18           26           22
          193             1           119          118          112
          194             2            12           18           16
          195             1           117          115          109
          196             2             3            7            5
End Elements

Coordinates
            1           7.0000000000000000e+00  -2.9588999999999999e+00
            2           6.0045659999999996e+00  -2.9588999999999999e+00
            3           7.0000000000000000e+00  -1.9497683333333331e+00
            4           5.6025765148365823e+00  -2.0902319998553596e+00
            5           6.0735093926905757e+00  -1.3496290290690742e+00
            6           5.0091320000000001e+00  -2.9588999999999999e+00
            7           7.0000000000000000e+00  -9.4063666666666657e-01
            8           5.0168366963289213e+00  -1.2313200405141922e+00
            9           4.5114150000000013e+00  -2.0928745962155615e+00
           10           5.8438612671239607e+00  -5.3354550861561756e-01
           11           4.0136980000000007e+00  -2.9588999999999999e+00
           12           7.0000000000000000e+00   6.8495000000000195e-02
           13           4.0179781324563448e+00  -1.2283345844012699e+00
           14           4.5199958382003551e+00  -3.6380577689282800e-01
           15           3.5159809999999991e+00  -2.0928745962155615e+00
           16           5.5117057204042306e+00   4.9994167664579825e-01
           17           3.0182639999999989e+00  -2.9588999999999999e+00
           18           7.0000000000000000e+00   1.0776266666666667e+00
           19           4.5122571993900644e+00   4.9855745715477262e-01
           20           3.5202611324563460e+00  -3.6230918061683126e-01
           21           3.0182639999999989e+00  -1.2268491924311227e+00
           22           6.0055373440808459e+00   1.4516060930584964e+00
           23           2.5205469999999992e+00  -2.0928745962155615e+00
           24           5.0091319999999993e+00   1.3638391924311217e+00
           25           2.0228299999999990e+00  -2.9588999999999999e+00
           26           7.0000000000000000e+00   2.0867583333333330e+00
           27           2.5205469999999992e+00  -3.6082378864668363e-01
           28           4.0179781324563457e+00   1.3653245844012694e+00
           29           2.0228299999999990e+00  -1.2268491924311227e+00
           30           3.0222659114239381e+00   5.0381716088079975e-01
           31           5.5068489999999990e+00   2.2298645962155605e+00
           32           1.5251129999999997e+00  -2.0928745962155615e+00
           33           4.5114150000000013e+00   2.2298645962155614e+00
           34           3.0182639999999989e+00   1.3638391924311219e+00
           35           1.0273960000000000e+00  -2.9588999999999999e+00
           36           7.0000000000000000e+00   3.0958899999999998e+00
           37           1.5259551993900655e+00  -3.6156745715477334e-01
           38           2.0226035620423257e+00   5.0482953879781545e-01
           39           6.0045659999999996e+00   3.0958899999999998e+00
           40           1.0316761324563455e+00  -1.2283345844012694e+00
           41           3.5159809999999991e+00   2.2298645962155614e+00
           42           5.0091320000000001e+00   3.0958899999999998e+00
           43           5.2967899999999979e-01  -2.0928745962155615e+00
           44           2.0185498675436535e+00   1.3653245844012691e+00
           45           4.0136980000000007e+00   3.0958899999999998e+00
           46           2.5205469999999992e+00   2.2298645962155605e+00
           47           1.0229438443638341e+00   5.0232224320915964e-01
           48           3.1962000000000046e-02  -2.9588999999999999e+00
           49           5.2651531669719720e-01  -3.6594730919218121e-01
           50           3.1962000000000046e-02  -1.2268491924311227e+00
           51           3.0182639999999989e+00   3.0958899999999998e+00
           52           1.0273960000000000e+00   1.3638391924311217e+00
           53          -4.6575500000000014e-01  -2.0928745962155615e+00
           54           1.5251129999999997e+00   2.2298645962155605e+00
           55           2.0228299999999990e+00   3.0958899999999998e+00
           56          -9.6347200000000033e-01  -2.9588999999999999e+00
           57          -9.6775213245634717e-01  -1.2283345844012694e+00
           58           2.7681867543652316e-02   1.3653245844012691e+00
           59          -4.6147486754365463e-01   4.9929918061683032e-01
           60           5.2967899999999979e-01   2.2298645962155605e+00
           61          -9.5627151020726231e-01  -3.6264627855384557e-01
           62           1.0273960000000000e+00   3.0958899999999998e+00
           63          -1.4611890000000001e+00  -2.0928745962155615e+00
           64          -1.9589059999999994e+00  -2.9588999999999999e+00
           65          -9.6347200000000022e-01   1.3638391924311217e+00
           66          -4.6575500000000009e-01   2.2298645962155605e+00
           67          -1.4611890000000001e+00   4.9781378864668313e-01
           68           3.1962000000000046e-02   3.0958899999999998e+00
           69          -1.9539347964372045e+00  -3.6156643865367588e-01
           70          -2.4566229999999996e+00  -2.0928745962155615e+00
           71          -2.4488347804416710e+00  -1.2302439581477533e+00
           72          -1.4611889999999998e+00   2.2298645962155605e+00
           73          -1.9589059999999994e+00   1.3638391924311217e+00
           74          -2.9543400000000011e+00  -2.9588999999999999e+00
           75          -9.6347200000000033e-01   3.0958899999999998e+00
           76          -2.4609031324563455e+00   4.9929918061683032e-01
           77          -2.9529733899387653e+00  -3.6689530930631475e-01
           78          -3.4520570000000008e+00  -2.0928745962155615e+00
           79          -2.4566230000000000e+00   2.2298645962155605e+00
           80          -1.9589059999999994e+00   3.0958899999999998e+00
           81          -2.9586201324563466e+00   1.3653245844012691e+00
           82          -3.9497740000000010e+00  -2.9588999999999999e+00
           83          -3.4528991993900675e+00   4.9855745715477262e-01
           84          -3.9497740000000015e+00  -1.2268491924311227e+00
           85          -3.9524390786456030e+00  -3.6526956994968174e-01
           86          -4.4474909999999994e+00  -2.0928745962155615e+00
           87          -2.9543400000000011e+00   3.0958899999999998e+00
           88          -3.4520570000000008e+00   2.2298645962155614e+00
           89          -3.9497740000000015e+00   1.3638391924311219e+00
           90          -4.9452080000000009e+00  -2.9588999999999999e+00
           91          -4.4443273166971968e+00   5.0293730919218405e-01
           92          -4.9409278675436532e+00  -1.2283345844012685e+00
           93          -4.9518801203083846e+00  -3.5806469863190582e-01
           94          -5.4429249999999998e+00  -2.0928745962155615e+00
           95          -3.9497740000000010e+00   3.0958900000000003e+00
           96          -4.4474909999999994e+00   2.2298645962155605e+00
           97          -4.9494881324563478e+00   1.3653245844012702e+00
           98          -5.4437671993900647e+00   4.9855745715477262e-01
           99          -5.9406420000000004e+00  -2.9588999999999999e+00
          100          -5.9406420000000004e+00  -1.2268491924311227e+00
          101          -5.9488404937526562e+00  -3.6100031950119438e-01
          102          -4.9452080000000009e+00   3.0958899999999998e+00
          103          -5.4429249999999998e+00   2.2298645962155605e+00
          104          -6.5220251887427239e+00  -2.0692711177302132e+00
          105          -5.9406420000000004e+00   1.3638391924311217e+00
          106          -6.9360759999999999e+00  -2.9588999999999999e+00
          107          -6.9403561324563459e+00  -1.2283345844012694e+00
          108          -6.7262382708033179e+00   5.2158022303189799e-01
          109          -6.9470420700241693e+00  -3.6178101992934675e-01
          110          -5.9406420000000004e+00   3.0958899999999998e+00
          111          -6.5220251887427239e+00   2.2062611177302140e+00
          112          -6.9403561324563459e+00   1.3653245844012691e+00
          113          -7.9315100000000003e+00  -2.9588999999999999e+00
          114          -7.9315100000000012e+00  -1.9497683333333331e+00
          115          -7.9315100000000003e+00  -9.4063666666666657e-01
          116          -6.9360759999999999e+00   3.0958899999999998e+00
          117          -7.9315099999999994e+00   6.8495000000000195e-02
          118          -7.9315100000000012e+00   1.0776266666666667e+00
          119          -7.9315100000000003e+00   2.0867583333333330e+00
          120          -7.9315100000000003e+00   3.0958899999999998e+00
End Coordinates

Dirichlet
           35    0.0000000000000000e+00
           48    0.0000000000000000e+00
           56    0.0000000000000000e+00
           64    0.0000000000000000e+00
           74    0.0000000000000000e+00
           82    0.0000000000000000e+00
           90    0.0000000000000000e+00
           99    0.0000000000000000e+00
          106    0.0000000000000000e+00
          113    0.0000000000000000e+00
          114    0.0000000000000000e+00
          115    0.0000000000000000e+00
          117    0.0000000000000000e+00
          118    0.0000000000000000e+00
          119    0.0000000000000000e+00
          120    0.0000000000000000e+00
End Dirichlet

Newmann
End Newmann

Materials:
#__/Nombre____/CONDUCTIVIDAD_TERMICA/FUENTE_DE_CALOR
  1    2.3700000000000000e+02    0.0000000000000000e+00

  2    2.3700000000000000e+02    1.0000000000000000e+01

End Materials
