HEAT EQUATION SOLVER - GUILLERMO SEGURA GOMEZ
CENTRO DE INVESTIGACION EN MATEMATICAS
DIMENSIONES_DEL_PROBLEMA: 2        
NUMERO_DE_PUNTOS_NODALES: 37        
NUMERO_TOTAL_DE_ELEMENTOS: 52 
NUMERO_DE_MATERIALES: 2
TIPO_DE_ELEMENTOS_EN_LA_MALLA: Linear
NUMERO_DE_NODOS_ELEMENTO: 3
Int:1
NCDirichlet:20
NCNewmann:0

ELEMENTOS_Y_CONECTIVIDADES--------------------------------------------------------------------------
NUMERO_DE_ELEMENTOS_LI02: 0
NUMERO_DE_ELEMENTOS_TR03: 52
NUMERO_DE_ELEMENTOS_QU04: 0
NUMERO_DE_ELEMENTOS_TE04: 0
NUMERO_DE_ELEMENTOS_HE08: 0
NUMERO_DE_ELEMENTOS_PR06: 0
NUMERO_DE_ELEMENTOS_PY05: 0

Elements
TR03/_#ELEMENTO_/MATERIAL/CONECTIVIDADES
            1             1            25           17           28
            2             1            11           18           16
            3             1            36           34           32
            4             1            16           18           27
            5             1            11           16            9
            6             1            32           34           24
            7             1             9           16           13
            8             1            11            9            6
            9             1            24           34           31
           10             1            13           16           20
           11             1             6            9            4
           12             1            20           16           27
           13             1            13           20           22
           14             1             4            9            8
           15             1            22           30           33
           16             2            13           22           14
           17             2             8            9           13
           18             2            14           22           23
           19             2            13           14            8
           20             1            23           22           29
           21             2            14           23           19
           22             2             8           14           12
           23             1            23           29           32
           24             1            32           29           35
           25             1            23           32           24
           26             2            23           24           19
           27             1            19           24           21
           28             1            21           24           31
           29             1            21           31           28
           30             1            21           28           15
           31             1            19           21           15
           32             1            15           28           17
           33             1            19           15           12
           34             2            12           14           19
           35             1             8           12            7
           36             1             7           12           10
           37             1             8            7            4
           38             1             4            7            2
           39             1             2            1            3
           40             1            30           22           20
           41             1            10            5            7
           42             1            26           27           18
           43             1             3            6            4
           44             1             3            4            2
           45             1            35           37           36
           46             1            17           10           15
           47             1            33           35           29
           48             1            29           22           33
           49             1             5            2            7
           50             1            27           30           20
           51             1            36           32           35
           52             1            12           15           10
End Elements

Coordinates
            1           1.0000000000000000e+01   0.0000000000000000e+00
            2           8.0000000000000000e+00   0.0000000000000000e+00
            3           1.0000000000000000e+01   2.0000000000000000e+00
            4           8.2232909936926024e+00   2.8333333333333326e+00
            5           6.0000000000000009e+00   0.0000000000000000e+00
            6           1.0000000000000000e+01   4.0000000000000000e+00
            7           6.5358983848622429e+00   1.9999999999999976e+00
            8           6.5358983848622447e+00   3.9999999999999978e+00
            9           8.2679491924311215e+00   5.0000000000000000e+00
           10           4.0000000000000000e+00   0.0000000000000000e+00
           11           1.0000000000000000e+01   6.0000000000000009e+00
           12           4.6610075125112749e+00   2.8366055200795710e+00
           13           6.5358983848622447e+00   6.0000000000000018e+00
           14           4.8038475772933680e+00   5.0000000000000000e+00
           15           3.0186039583253002e+00   2.0196331204774292e+00
           16           8.2232909936926024e+00   7.1666666666666687e+00
           17           2.0000000000000000e+00   0.0000000000000000e+00
           18           1.0000000000000000e+01   8.0000000000000000e+00
           19           3.0717967697244895e+00   4.0000000000000018e+00
           20           6.5358983848622447e+00   8.0000000000000018e+00
           21           1.5644903071237335e+00   3.4039266240954862e+00
           22           4.8598911266381197e+00   7.5714285714285721e+00
           23           3.0717967697244903e+00   6.0000000000000018e+00
           24           1.7320508075688790e+00   5.0000000000000000e+00
           25           0.0000000000000000e+00   0.0000000000000000e+00
           26           1.0000000000000000e+01   1.0000000000000000e+01
           27           8.0000000000000000e+00   1.0000000000000000e+01
           28           0.0000000000000000e+00   2.0000000000000000e+00
           29           3.1155257241731178e+00   8.1476190476190489e+00
           30           6.0000000000000000e+00   1.0000000000000000e+01
           31           0.0000000000000000e+00   3.9999999999999991e+00
           32           1.6459407245029771e+00   7.1666666666666661e+00
           33           3.9999999999999991e+00   1.0000000000000000e+01
           34           0.0000000000000000e+00   6.0000000000000000e+00
           35           2.0000000000000000e+00   1.0000000000000000e+01
           36           0.0000000000000000e+00   8.0000000000000000e+00
           37           0.0000000000000000e+00   1.0000000000000000e+01
End Coordinates

Dirichlet
            1    0.0000000000000000e+00
            2    0.0000000000000000e+00
            3    0.0000000000000000e+00
            5    0.0000000000000000e+00
            6    0.0000000000000000e+00
           10    0.0000000000000000e+00
           11    0.0000000000000000e+00
           17    0.0000000000000000e+00
           18    0.0000000000000000e+00
           25    0.0000000000000000e+00
           26    0.0000000000000000e+00
           27    0.0000000000000000e+00
           28    0.0000000000000000e+00
           30    0.0000000000000000e+00
           31    0.0000000000000000e+00
           33    0.0000000000000000e+00
           34    0.0000000000000000e+00
           35    0.0000000000000000e+00
           36    0.0000000000000000e+00
           37    0.0000000000000000e+00
End Dirichlet

Newmann
End Newmann

Materials:
#__/Nombre____/CONDUCTIVIDAD_TERMICA/FUENTE_DE_CALOR
  1    2.3700000000000000e+02    1.0000000000000000e+01

  2    2.3700000000000000e+02    1.0000000000000000e+01

End Materials
